0 0 1120 0
1120 0 1200 80
1200 80 1200 560
1200 560 1840 560
1840 560 1840 1120
1840 1120 320 1120
320 1120 320 1520
320 1520 -160 1520
-160 1520 -800 960
-800 960 -800 720
-800 720 0 720
0 720 0 0
0 0 1120 0
1120 0 1200 80
1200 80 1200 560
1200 560 1840 560
1840 560 1840 1120
1840 1120 320 1120
320 1120 320 1520
320 1520 -160 1520
-160 1520 -800 960
-800 960 -800 720
-800 720 0 720
0 720 0 0
0 0 1120 0
1120 0 1200 80
1200 80 1200 560
1200 560 1840 560
1840 560 1840 1120
1840 1120 560 1120
560 1120 560 1520
560 1520 -160 1520
-160 1520 -800 960
-800 960 -800 720
-800 720 0 720
0 720 0 0
0 0 1120 0
1120 0 1200 80
1200 80 1200 560
1200 560 1840 560
1840 560 1840 1120
1840 1120 560 1120
560 1120 560 1600
560 1520 -160 1600
-160 1600 -800 960
-800 960 -800 720
-800 720 0 720
0 720 0 0
0 0 1120 0
1120 0 1200 80
1200 80 1200 560
1200 560 1840 560
1840 560 1840 1120
1840 1120 560 1120
560 1120 560 1600
560 1600 -160 1600
-160 1600 -800 960
-800 960 -800 720
-800 720 0 720
0 720 0 0
0 0 1120 0
1120 0 1200 80
1200 80 1200 560
1200 560 1920 560
1920 560 1920 1120
1920 1120 560 1120
560 1120 560 1600
560 1600 -160 1600
-160 1600 -800 960
-800 960 -800 720
-800 720 0 720
0 720 0 0
0 0 1120 0
1120 0 1200 80
1200 80 1200 560
1200 560 1920 560
1920 560 1920 1200
1920 1200 560 1200
560 1200 560 1600
560 1600 -160 1600
-160 1600 -800 960
-800 960 -800 720
-800 720 0 720
0 720 0 0
0 0 1120 0
1120 0 1200 80
1200 80 1200 560
1200 560 1920 560
1920 560 1920 1200
1920 1200 560 1200
560 1200 560 1600
560 1600 -160 1600
-320 1600 -800 1120
-800 960 -800 720
-800 720 0 720
0 720 0 0
0 0 1120 0
1120 0 1200 80
1200 80 1200 560
1200 560 1920 560
1920 560 1920 1200
1920 1200 560 1200
560 1200 560 1600
560 1600 -320 1600
-320 1600 -800 1120
-800 1120 -800 720
-800 720 0 720
0 720 0 0
0 0 1120 0
1120 0 1200 80
1200 80 1200 560
1200 560 1920 560
1920 560 1920 1200
1920 1200 560 1200
560 1200 560 1600
560 1600 -320 1600
-320 1600 -800 1120
-800 1120 -800 720
-800 720 0 720
0 720 0 0
