0 0 1120 0
1120 0 1200 80
1200 80 1200 560
1200 560 1920 560
1920 560 1920 1200
1920 1200 560 1200
560 1200 560 1600
560 1600 -320 1600
-320 1600 -800 1120
-800 1120 -800 720
-800 720 0 720
0 720 0 0
0 0 1120 0
1120 0 1200 80
1200 80 1200 560
1200 560 1920 560
1920 560 1920 1200
1920 1200 560 1200
560 1200 560 1600
560 1600 -320 1600
-320 1600 -800 1120
-800 1120 -800 720
-800 720 0 720
0 720 0 0
0 0 1120 0
1120 0 1200 80
1200 80 1200 560
1200 560 1920 560
1920 560 1920 1200
1920 1200 560 1200
560 1200 560 1600
560 1600 -320 1600
-320 1600 -800 1120
-800 1120 -800 720
-800 720 0 720
0 720 0 0
