0 0 0 1600
80 0 80 1600
160 0 160 1600
240 0 240 1600
320 0 320 1600
-80 720 -80 1600
-160 720 -160 1600
-240 720 -240 1600
-320 720 -320 1600
-400 720 -400 1520
-480 720 -480 1440
-560 720 -560 1360
-640 720 -640 1280
-720 720 -720 1200
-800 720 -800 1120
400 0 400 1600
480 0 480 1600
560 0 560 1600
640 0 640 1200
720 0 720 1200
800 0 800 1200
880 0 880 1200
960 0 960 1200
1040 0 1040 1200
1120 0 1120 1200
1120 0 1120 1200
1200 80 1200 1200
1280 560 1280 1200
1360 560 1360 1200
1440 560 1440 1200
1520 560 1520 1200
1600 560 1600 1200
1680 560 1680 1200
1760 560 1760 1200
1840 560 1840 1200
-320 1600 -160 1600
-400 1520 560 1520
-480 1440 560 1440
-560 1360 560 1360
-640 1280 560 1280
-720 1200 560 1200
-800 1120 1920 1120
-800 1040 1920 1040
-800 960 1920 960
-800 880 1920 880
-800 800 1920 800
-800 720 1920 720
0 640 1920 640
0 560 1840 560
0 480 1200 480
0 400 1200 400
0 320 1200 320
0 240 1200 240
0 160 1200 160
0 80 1200 80
0 0 0 1600
80 0 80 1600
160 0 160 1600
240 0 240 1600
320 0 320 1600
-80 720 -80 1600
-160 720 -160 1600
-240 720 -240 1600
-320 720 -320 1600
-400 720 -400 1520
-480 720 -480 1440
-560 720 -560 1360
-640 720 -640 1280
-720 720 -720 1200
-800 720 -800 1120
400 0 400 1600
480 0 480 1600
560 0 560 1600
640 0 640 1200
720 0 720 1200
800 0 800 1200
880 0 880 1200
960 0 960 1200
1040 0 1040 1200
1120 0 1120 1200
1120 0 1120 1200
1200 80 1200 1200
1280 560 1280 1200
1360 560 1360 1200
1440 560 1440 1200
1520 560 1520 1200
1600 560 1600 1200
1680 560 1680 1200
1760 560 1760 1200
1840 560 1840 1200
-320 1600 -160 1600
-400 1520 560 1520
-480 1440 560 1440
-560 1360 560 1360
-640 1280 560 1280
-720 1200 560 1200
-800 1120 1920 1120
-800 1040 1920 1040
-800 960 1920 960
-800 880 1920 880
-800 800 1920 800
-800 720 1920 720
0 640 1920 640
0 560 1840 560
0 480 1200 480
0 400 1200 400
0 320 1200 320
0 240 1200 240
0 160 1200 160
0 80 1200 80
0 0 0 1600
80 0 80 1600
160 0 160 1600
240 0 240 1600
320 0 320 1600
-80 720 -80 1600
-160 720 -160 1600
-240 720 -240 1600
-320 720 -320 1600
-400 720 -400 1520
-480 720 -480 1440
-560 720 -560 1360
-640 720 -640 1280
-720 720 -720 1200
-800 720 -800 1120
400 0 400 1600
480 0 480 1600
560 0 560 1600
640 0 640 1200
720 0 720 1200
800 0 800 1200
880 0 880 1200
960 0 960 1200
1040 0 1040 1200
1120 0 1120 1200
1120 0 1120 1200
1200 80 1200 1200
1280 560 1280 1200
1360 560 1360 1200
1440 560 1440 1200
1520 560 1520 1200
1600 560 1600 1200
1680 560 1680 1200
1760 560 1760 1200
1840 560 1840 1200
-320 1600 -160 1600
-400 1520 560 1520
-480 1440 560 1440
-560 1360 560 1360
-640 1280 560 1280
-720 1200 560 1200
-800 1120 1920 1120
-800 1040 1920 1040
-800 960 1920 960
-800 880 1920 880
-800 800 1920 800
-800 720 1920 720
0 640 1920 640
0 560 1840 560
0 480 1200 480
0 400 1200 400
0 320 1200 320
0 240 1200 240
0 160 1200 160
0 80 1200 80
0 0 0 1600
80 0 80 1600
160 0 160 1600
240 0 240 1600
320 0 320 1600
-80 720 -80 1600
-160 720 -160 1600
-240 720 -240 1600
-320 720 -320 1600
-400 720 -400 1520
-480 720 -480 1440
-560 720 -560 1360
-640 720 -640 1280
-720 720 -720 1200
-800 720 -800 1120
400 0 400 1600
480 0 480 1600
560 0 560 1600
640 0 640 1200
720 0 720 1200
800 0 800 1200
880 0 880 1200
960 0 960 1200
1040 0 1040 1200
1120 0 1120 1200
1120 0 1120 1200
1200 80 1200 1200
1280 560 1280 1200
1360 560 1360 1200
1440 560 1440 1200
1520 560 1520 1200
1600 560 1600 1200
1680 560 1680 1200
1760 560 1760 1200
1840 560 1840 1200
-320 1600 -160 1600
-400 1520 560 1520
-480 1440 560 1440
-560 1360 560 1360
-640 1280 560 1280
-720 1200 560 1200
-800 1120 1920 1120
-800 1040 1920 1040
-800 960 1920 960
-800 880 1920 880
-800 800 1920 800
-800 720 1920 720
0 640 1920 640
0 560 1840 560
0 480 1200 480
0 400 1200 400
0 320 1200 320
0 240 1200 240
0 160 1200 160
0 80 1200 80
0 0 0 1600
80 0 80 1600
160 0 160 1600
240 0 240 1600
320 0 320 1600
-80 720 -80 1600
-160 720 -160 1600
-240 720 -240 1600
-320 720 -320 1600
-400 720 -400 1520
-480 720 -480 1440
-560 720 -560 1360
-640 720 -640 1280
-720 720 -720 1200
-800 720 -800 1120
400 0 400 1600
480 0 480 1600
560 0 560 1600
640 0 640 1200
720 0 720 1200
800 0 800 1200
880 0 880 1200
960 0 960 1200
1040 0 1040 1200
1120 0 1120 1200
1120 0 1120 1200
1200 80 1200 1200
1280 560 1280 1200
1360 560 1360 1200
1440 560 1440 1200
1520 560 1520 1200
1600 560 1600 1200
1680 560 1680 1200
1760 560 1760 1200
1840 560 1840 1200
-320 1600 -160 1600
-400 1520 560 1520
-480 1440 560 1440
-560 1360 560 1360
-640 1280 560 1280
-720 1200 560 1200
-800 1120 1920 1120
-800 1040 1920 1040
-800 960 1920 960
-800 880 1920 880
-800 800 1920 800
-800 720 1920 720
0 640 1920 640
0 560 1840 560
0 480 1200 480
0 400 1200 400
0 320 1200 320
0 240 1200 240
0 160 1200 160
0 80 1200 80
