0 0 0 1520
80 0 80 1520
160 0 160 1520
240 0 240 1520
320 0 320 1520
-80 720 -80 1520
-160 720 -160 1520
-240 720 -240 1520
-320 720 -320 1520
-400 720 -400 1440
-480 720 -480 1360
-560 720 -560 1280
-640 720 -640 1200
-720 720 -720 1120
-800 720 -800 1040
400 0 400 1120
480 0 480 1120
560 0 560 1120
640 0 640 1120
720 0 720 1120
800 0 800 1120
880 0 880 1120
960 0 960 1120
1040 0 1040 1120
1120 0 1120 1120
1120 0 1120 1120
1200 80 1200 1120
1280 480 1280 1120
1360 480 1360 1120
1440 480 1440 1120
1520 480 1520 1120
1600 480 1600 1120
1680 480 1680 1120
1760 480 1760 1120
1840 480 1840 1120
-320 1520 320 1520
-400 1440 320 1440
-480 1360 320 1360
-560 1280 320 1280
-640 1200 320 1200
-720 1120 1840 1120
-800 1040 1840 1040
-800 960 1840 960
-800 880 1840 880
-800 800 1840 800
-800 720 1840 720
0 640 1840 640
0 560 1840 560
0 480 1840 480
0 400 1200 400
0 320 1200 320
0 240 1200 240
0 160 1200 160
0 80 1200 80
0 0 0 1520
80 0 80 1520
160 0 160 1520
240 0 240 1520
320 0 320 1520
-80 720 -80 1520
-160 720 -160 1520
-240 720 -240 1520
-320 720 -320 1520
-400 720 -400 1440
-480 720 -480 1360
-560 720 -560 1280
-640 720 -640 1200
-720 720 -720 1120
-800 720 -800 1040
400 0 400 1120
480 0 480 1120
560 0 560 1120
640 0 640 1120
720 0 720 1120
800 0 800 1120
880 0 880 1120
960 0 960 1120
1040 0 1040 1120
1120 0 1120 1120
1120 0 1120 1120
1200 80 1200 1120
1280 480 1280 1120
1360 480 1360 1120
1440 480 1440 1120
1520 480 1520 1120
1600 480 1600 1120
1680 480 1680 1120
1760 480 1760 1120
1840 480 1840 1120
-720 1520 320 1520
-800 1440 320 1440
-800 1360 320 1360
-800 1280 320 1280
-800 1200 320 1200
-800 1120 1840 1120
-800 1040 1840 1040
-800 960 1840 960
-800 880 1840 880
-800 800 1840 800
-800 720 1840 720
0 640 1840 640
0 560 1840 560
0 480 1840 480
0 400 1200 400
0 320 1200 320
0 240 1200 240
0 160 1200 160
0 80 1200 80
0 0 0 1520
80 0 80 1520
160 0 160 1520
240 0 240 1520
320 0 320 1520
-80 720 -80 1520
-160 720 -160 1520
-240 720 -240 1520
-320 720 -320 1520
-400 720 -400 1440
-480 720 -480 1360
-560 720 -560 1280
-640 720 -640 1200
-720 720 -720 1120
-800 720 -800 1040
400 0 400 1120
480 0 480 1120
560 0 560 1120
640 0 640 1120
720 0 720 1120
800 0 800 1120
880 0 880 1120
960 0 960 1120
1040 0 1040 1120
1120 0 1120 1120
1120 0 1120 1120
1200 80 1200 1120
1280 480 1280 1120
1360 480 1360 1120
1440 480 1440 1120
1520 480 1520 1120
1600 480 1600 1120
1680 480 1680 1120
1760 480 1760 1120
1840 480 1840 1120
-720 1520 320 1520
-720 1440 320 1440
-800 1360 320 1360
-800 1280 320 1280
-800 1200 320 1200
-800 1120 1840 1120
-800 1040 1840 1040
-800 960 1840 960
-800 880 1840 880
-800 800 1840 800
-800 720 1840 720
0 640 1840 640
0 560 1840 560
0 480 1840 480
0 400 1200 400
0 320 1200 320
0 240 1200 240
0 160 1200 160
0 80 1200 80
0 0 0 1520
80 0 80 1520
160 0 160 1520
240 0 240 1520
320 0 320 1520
-80 720 -80 1520
-160 720 -160 1520
-240 720 -240 1520
-320 720 -320 1520
-400 720 -400 1440
-480 720 -480 1360
-560 720 -560 1280
-640 720 -640 1200
-720 720 -720 1120
-800 720 -800 1040
400 0 400 1120
480 0 480 1120
560 0 560 1120
640 0 640 1120
720 0 720 1120
800 0 800 1120
880 0 880 1120
960 0 960 1120
1040 0 1040 1120
1120 0 1120 1120
1120 0 1120 1120
1200 80 1200 1120
1280 480 1280 1120
1360 480 1360 1120
1440 480 1440 1120
1520 480 1520 1120
1600 480 1600 1120
1680 480 1680 1120
1760 480 1760 1120
1840 480 1840 1120
-640 1520 320 1520
-720 1440 320 1440
-800 1360 320 1360
-800 1280 320 1280
-800 1200 320 1200
-800 1120 1840 1120
-800 1040 1840 1040
-800 960 1840 960
-800 880 1840 880
-800 800 1840 800
-800 720 1840 720
0 640 1840 640
0 560 1840 560
0 480 1840 480
0 400 1200 400
0 320 1200 320
0 240 1200 240
0 160 1200 160
0 80 1200 80
0 0 0 1520
80 0 80 1520
160 0 160 1520
240 0 240 1520
320 0 320 1520
-80 720 -80 1520
-160 720 -160 1520
-240 720 -240 1520
-320 720 -320 1520
-400 720 -400 1520
-480 720 -480 1520
-560 720 -560 1520
-640 720 -640 1520
-720 720 -720 1440
-800 720 -800 1360
400 0 400 1120
480 0 480 1120
560 0 560 1120
640 0 640 1120
720 0 720 1120
800 0 800 1120
880 0 880 1120
960 0 960 1120
1040 0 1040 1120
1120 0 1120 1120
1120 0 1120 1120
1200 80 1200 1120
1280 480 1280 1120
1360 480 1360 1120
1440 480 1440 1120
1520 480 1520 1120
1600 480 1600 1120
1680 480 1680 1120
1760 480 1760 1120
1840 480 1840 1120
-640 1520 320 1520
-720 1440 320 1440
-800 1360 320 1360
-800 1280 320 1280
-800 1200 320 1200
-800 1120 1840 1120
-800 1040 1840 1040
-800 960 1840 960
-800 880 1840 880
-800 800 1840 800
-800 720 1840 720
0 640 1840 640
0 560 1840 560
0 480 1840 480
0 400 1200 400
0 320 1200 320
0 240 1200 240
0 160 1200 160
0 80 1200 80
