1 1 1 20
2 1 2 20
3 1 3 20
4 1 4 20
5 1 5 20
0 10 0 20
-1 10 -1 20
-2 10 -2 20
-3 10 -3 20
-4 10 -4 20
-5 10 -5 20
-6 10 -6 20
-7 10 -7 20
-8 10 -8 19
-9 10 -9 18
6 1 6 15
7 1 7 15
8 1 8 15
9 1 9 15
10 1 10 15
11 1 11 15
12 1 12 15
13 1 13 15
14 1 14 15
15 1 15 15
15 1 15 15
16 2 16 15
17 7 17 15
18 7 18 15
19 7 19 15
20 7 20 15
21 7 21 15
22 7 22 15
23 7 23 15
24 7 24 15
-7 20 5 20
-8 19 5 19
-9 18 5 18
-9 17 5 17
-9 16 5 16
-9 15 24 15
-9 14 24 14
-9 13 24 13
-9 12 24 12
-9 11 24 11
-9 10 24 10 
1 9 24 9
1 8 24 8
1 7 24 7
1 6 16 6
1 5 16 5
1 4 16 4
1 3 16 3
1 2 16 2
