1 1 1 21
2 1 2 21
3 1 3 21
4 1 4 21
5 1 5 21
0 10 0 21
-1 10 -1 21
-2 10 -2 21
-3 10 -3 21
-4 10 -4 20
-5 10 -5 19
-6 10 -6 18
-7 10 -7 17
-8 10 -8 16
-9 10 -9 15
6 1 6 21
7 1 7 21
8 1 8 21
9 1 9 16
10 1 10 16
11 1 11 16
12 1 12 16
13 1 13 16
14 1 14 16
15 1 15 16
15 1 15 16
16 2 16 16
17 8 17 16
18 8 18 16
19 8 19 16
20 8 20 16
21 8 21 16
22 8 22 16
23 8 23 16
24 8 24 16
-3 21 -1 21
-4 20 8 20
-5 19 8 19
-6 18 8 18
-7 17 8 17
-8 16 8 16
-9 15 25 15
-9 14 25 14
-9 13 25 13
-9 12 25 12
-9 11 25 11
-9 10 25 10 
1 9 25 9
1 8 24 8
1 7 16 7
1 6 16 6
1 5 16 5
1 4 16 4
1 3 16 3
1 2 16 2
